35,167
35,166
35,165
35,164
35,163
35,162
35,161
35,160
35,159
35,158
35,157
35,156
35,155
35,154
35,153
35,152
35,151
35,150
35,149
35,148
35,147
35,146
35,145
35,144
35,143
35,142
35,141
35,140
35,139
35,138
35,137
35,136
35,135
35,134
35,133
35,132
35,131
35,130
35,129
35,128
35,127
35,126
35,125
35,124
35,123
35,122
35,121
35,120
35,119
35,118
35,117
35,116
35,115
35,114
35,113
35,112
35,111
35,110
35,109
35,108
35,107
35,106
35,105
35,104
35,103
35,102
35,101
35,100
35,99
35,98
35,97
35,96
35,95
35,94
35,93
35,92
35,91
35,90
35,89
35,88
35,87
35,86
35,85
35,84
35,83
35,82
35,81
35,80
35,79
35,78
35,77
35,76
35,75
35,74
35,73
35,72
35,71
35,70
35,69
35,68
35,67
35,66
35,65
35,64
35,35
35,34
35,33
35,32
35,31
35,30
35,29
35,28
35,27
35,26
35,25
35,24
35,23
35,22
35,21
35,20
35,19
35,18
35,17
35,16
35,15
35,14
35,13
35,12
35,11
35,10
35,9
35,8
35,7
35,6
35,5
35,4
35,3
35,2
35,1
35,0
34,3
34,2
34,1
34,0
33,2
32,2
32,0
31,2
31,0
22,3
22,2
22,1
20,2
0,322
0,243
32,1
0,0
32,3
33,1
33,3
31,1
31,3
20,4
20,1
20,3
0,9
0,310
0,305
0,308
0,304
0,303
0,302
0,307
0,12
0,10
0,8
0,300
0,299
0,298
0,297
0,296
0,295
0,294
0,293
0,292
0,291
0,290
0,289
0,288
0,287
0,286
0,285
0,284
0,283
0,282
0,281
0,280
0,279
0,278
0,277
0,276
0,275
0,274
0,273
0,272
0,271
0,270
0,269
0,268
0,267
0,266
0,265
0,264
0,263
0,262
0,261
0,260
0,259
0,258
0,257
0,256
0,255
0,254
0,253
0,252
0,251
0,250
0,249
0,248
0,247
0,246
0,381
0,245
0,380
0,244
0,379
0,242
0,378
0,241
0,377
0,240
0,376
0,239
0,375
0,238
0,374
0,237
0,373
0,236
0,372
0,235
0,371
0,234
0,370
0,233
0,369
0,232
0,365
0,231
0,364
0,230
0,363
0,229
0,362
0,228
0,361
0,227
0,360
0,226
0,359
0,225
0,368
0,224
0,367
0,223
0,358
0,222
0,357
0,221
0,356
0,220
0,350
0,219
0,349
0,218
0,348
0,217
0,347
0,216
0,346
0,215
0,345
0,214
0,344
0,213
0,355
0,212
0,343
0,211
0,354
0,210
0,342
0,209
0,353
0,208
0,352
0,207
0,366
0,206
0,341
0,205
0,351
0,204
0,340
0,203
0,339
0,202
0,338
0,201
0,337
0,200
0,336
0,199
0,334
0,198
0,335
0,197
0,333
0,196
0,332
0,195
0,331
0,194
0,330
0,193
0,329
0,192
0,328
0,63
0,327
0,62
0,326
0,61
0,325
0,60
0,324
0,59
0,323
0,58
0,321
0,57
0,320
0,56
0,319
0,55
0,318
0,54
0,317
0,53
0,316
0,52
0,315
0,51
0,314
0,50
0,313
0,49
0,312
0,48
0,311
0,47
0,309
0,46
0,306
0,45
0,301
0,6
0,5
0,1
0,11
0,4
0,2
0,3
0,7
